Throughput Comparison (KB/s)
====================================================================================================
 PT Size  AD Size          AES-128-GCM            ASCON-128        TinyJAMBU-128
----------------------------------------------------------------------------------------------------
      16        0                26.9                188.7                103.4 
      16        8                27.3                164.8                 93.6 
      16       16                26.9                153.2                 81.2 
      32        0                41.0                292.6                145.1 
      32        8                40.4                272.9                127.6 
      32       16                40.8                250.2                119.7 
      64        0                54.4                412.2                171.4 
      64        8                53.5                373.1                162.7 
      64       16                53.1                351.7                153.9 
     128        0                64.9                506.0                193.5 
     128        8                64.3                479.5                186.6 
     128       16                64.9                467.3                183.8 
     256        0                71.3                571.8                205.9 
     256        8                71.3                557.3                201.7 
     256       16                71.6                537.1                200.1 
     512        0                75.5                614.8                213.4 
     512        8                75.7                599.5                210.9 
     512       16                75.6                591.6                210.5 